Left:
D = [-0.3306359103362095, 0.11964299120443023, 0.0009889424648929085, -0.0010475373509105106, 0.0]
K = [1039.2292306160587, 0.0, 662.932443159624, 0.0, 1041.5738075578813, 364.7445866877743, 0.0, 0.0, 1.0]
R = [0.9997347210272267, -0.0016624865344913, 0.0229722378347338, 0.0017065498368799745, 0.9999967414217336, -0.0018986399260361839, -0.02296900651458797, 0.0019373395255165883, 0.9997343004295169]
P = [1003.2943285901438, 0.0, 649.147575378418, 0.0, 0.0, 1003.2943285901438, 369.3697052001953, 0.0, 0.0, 0.0, 1.0, 0.0]

Right:
D = [-0.3250808917979848, 0.11202074618726586, -0.0001530694714101339, 0.00028916818317090755, 0.0]
K = [1032.1654647145106, 0.0, 667.6573416083985, 0.0, 1033.790841785444, 371.0909595180044, 0.0, 0.0, 1.0]
R = [0.9999342125096448, 0.0008498353009898813, 0.011438899976725186, -0.0008717752462738761, 0.9999977899066242, 0.0019131622479706986, -0.011437248822873267, -0.0019230085356720576, 0.9999327434270444]
P = [1003.2943285901438, 0.0, 649.147575378418, -137.8593439733905, 0.0, 1003.2943285901438, 369.3697052001953, 0.0, 0.0, 0.0, 1.0, 0.0]
self.T = [-0.1373976415742721, -0.0001167730482883784, -0.001571781282551129]
self.R = [0.9999301655037265, -0.0025563074034127813, 0.011538171785395337, 0.0026003255183879013, 0.999989392975371, -0.003801610704346941, -0.011528331314134613, 0.0038313482233075023, 0.9999262064512077]
None
# oST version 5.0 parameters


[image]

width
1280

height
720

[narrow_stereo/left]

camera matrix
1039.229231 0.000000 662.932443
0.000000 1041.573808 364.744587
0.000000 0.000000 1.000000

distortion
-0.330636 0.119643 0.000989 -0.001048 0.000000

rectification
0.999735 -0.001662 0.022972
0.001707 0.999997 -0.001899
-0.022969 0.001937 0.999734

projection
1003.294329 0.000000 649.147575 0.000000
0.000000 1003.294329 369.369705 0.000000
0.000000 0.000000 1.000000 0.000000
# oST version 5.0 parameters


[image]

width
1280

height
720

[narrow_stereo/right]

camera matrix
1032.165465 0.000000 667.657342
0.000000 1033.790842 371.090960
0.000000 0.000000 1.000000

distortion
-0.325081 0.112021 -0.000153 0.000289 0.000000

rectification
0.999934 0.000850 0.011439
-0.000872 0.999998 0.001913
-0.011437 -0.001923 0.999933

projection
1003.294329 0.000000 649.147575 -137.859344
0.000000 1003.294329 369.369705 0.000000
0.000000 0.000000 1.000000 0.000000
